Dataset10	0.928571428571	0.875	0.78125	0.75	0.666666666667	0.666666666667	0.5	0.5	0.5	0.5	0.454545454545	0.428571428571	0.428571428571	0.428571428571	0.416666666667	0.375	0.333333333333	0.333333333333	0.277777777778
Dataset1	0.964285714286	0.95	0.941176470588	0.909090909091	0.884615384615	0.84	0.714285714286	0.5	0.5	0.5	0.444444444444	0.4	0.333333333333	0.333333333333	0.266666666667	0.25
Dataset2	0.833333333333	0.8	0.76	0.75	0.708333333333	0.666666666667	0.571428571429	0.428571428571	0.363636363636	0.363636363636	0.352941176471	0.347826086957	0.333333333333	0.272727272727
Dataset3	1.0	0.75	0.727272727273	0.7	0.620689655172	0.5	0.444444444444	0.444444444444	0.416666666667	0.4	0.384615384615	0.333333333333	0.3	0.230769230769
Dataset4	0.875	0.857142857143	0.777777777778	0.777777777778	0.75	0.727272727273	0.692307692308	0.666666666667	0.666666666667	0.375	0.375	0.333333333333	0.285714285714	0.25	0.25	0.25
Dataset5	1.0	0.862068965517	0.826086956522	0.692307692308	0.625	0.4	0.4	0.4	0.4	0.380952380952	0.333333333333	0.333333333333	0.333333333333	0.3	0.222222222222
Dataset6	1.0	0.95652173913	0.95	0.882352941176	0.870967741935	0.869565217391	0.75	0.666666666667	0.6	0.6	0.5	0.5	0.428571428571	0.416666666667	0.333333333333	0.333333333333	0.333333333333	0.25
Dataset7	0.8	0.666666666667	0.62962962963	0.571428571429	0.5	0.5	0.5	0.5	0.5	0.454545454545	0.375	0.333333333333	0.333333333333	0.307692307692	0.3	0.291666666667	0.25	0.25
Dataset8	0.948717948718	0.931034482759	0.913043478261	0.875	0.851851851852	0.75	0.739130434783	0.727272727273	0.666666666667	0.666666666667	0.5	0.5	0.428571428571	0.428571428571	0.333333333333	0.333333333333
Dataset9	0.941176470588	0.909090909091	0.8125	0.8	0.791666666667	0.75	0.666666666667	0.428571428571	0.4	0.375	0.333333333333	0.333333333333	0.333333333333
